1719927592341 5.951970443349753e-05 0
1719927719441 0.00011682648095238094 1
1719927824525 0.00017177045747126434 2
1719927954252 0.0001683674 3
1719928089993 0.0001648232 4
1719928223496 0.00016127899999999999 5
1719928359626 0.00015773479999999998 6
1719928492042 0.00015419059999999997 7
1719928627542 0.0001506464 8
1719928761579 0.00014710220000000002 9
1719928898246 0.000143558 10
1719929034642 0.0001400138 11
1719929172071 0.00013646959999999997 12
1719929307646 0.0001329254 13
1719929443376 0.0001293812 14
1719929579976 0.00012583699999999998 15
1719929715432 0.00012229279999999998 16
1719929849260 0.00011874859999999997 17
1719929945478 0.0001152044 18
1719930043853 0.0001116602 19
1719930139625 0.00010811599999999999 20
1719930231373 0.0001045718 21
1719930323636 0.0001010276 22
1719930415852 9.74834e-05 23
1719930508631 9.39392e-05 24
1719930600936 9.039499999999999e-05 25
1719930693431 8.685079999999999e-05 26
1719930785732 8.330659999999999e-05 27
1719930877512 7.976239999999999e-05 28
1719930963209 7.621820000000001e-05 29
1719931079564 7.2674e-05 30
1719931209544 6.91298e-05 31
1719931346841 6.558559999999999e-05 32
1719931484749 6.204139999999999e-05 33
1719931607098 5.849719999999999e-05 34
1719931740429 5.495300000000001e-05 35
1719931847127 5.14088e-05 36
1719931948630 4.78646e-05 37
1719932050058 4.43204e-05 38
1719932149779 4.077619999999999e-05 39
1719932284136 3.723199999999999e-05 40
1719932384972 3.3687800000000006e-05 41
1719932485789 3.0143600000000007e-05 42
1719932586323 2.65994e-05 43
1719932686664 2.30552e-05 44
1719932786520 1.9510999999999993e-05 45
1719932885631 1.596679999999999e-05 46
1719933019015 1.2422600000000007e-05 47
1719933154492 8.878400000000006e-06 48
1719933291692 5.334200000000003e-06 49
