1719927597597 0.33731 0
1719927723802 0.62717 1
1719927827706 0.70202 2
1719927958607 0.77062 3
1719928094138 0.85155 4
1719928227608 0.8696 5
1719928363760 0.88971 6
1719928495943 0.87582 7
1719928631544 0.87505 8
1719928765710 0.89374 9
1719928902151 0.88561 10
1719929038826 0.89737 11
1719929176011 0.88675 12
1719929311590 0.88979 13
1719929447272 0.88772 14
1719929583904 0.8954 15
1719929719279 0.88915 16
1719929853147 0.89493 17
1719929948764 0.89278 18
1719930047112 0.88548 19
1719930142548 0.89515 20
1719930234314 0.89634 21
1719930326623 0.89046 22
1719930419617 0.90361 23
1719930511897 0.89548 24
1719930604193 0.89202 25
1719930696513 0.89146 26
1719930788719 0.89575 27
1719930880480 0.8936 28
1719930966558 0.90445 29
1719931082809 0.89472 30
1719931213438 0.89393 31
1719931350885 0.89211 32
1719931488387 0.8981 33
1719931611029 0.89386 34
1719931744675 0.90557 35
1719931850775 0.90586 36
1719931951939 0.89663 37
1719932053199 0.90385 38
1719932153307 0.90594 39
1719932287449 0.90393 40
1719932388214 0.89679 41
1719932489056 0.89865 42
1719932589760 0.90116 43
1719932689878 0.89748 44
1719932789866 0.90219 45
1719932888442 0.9019 46
1719933022981 0.89928 47
1719933158347 0.90135 48
1719933295704 0.90279 49
1719933302939 0.9059196585688694 49
