1719927597597 0.38168 0
1719927723802 0.71149 1
1719927827706 0.79381 2
1719927958607 0.8634 3
1719928094138 0.95872 4
1719928227608 0.97373 5
1719928363760 0.98769 6
1719928495943 0.98211 7
1719928631544 0.98187 8
1719928765710 0.9897 9
1719928902151 0.98977 10
1719929038826 0.9912 11
1719929176011 0.99116 12
1719929311590 0.99147 13
1719929447272 0.99111 14
1719929583904 0.99322 15
1719929719279 0.98863 16
1719929853147 0.99254 17
1719929948764 0.99152 18
1719930047112 0.99286 19
1719930142548 0.98972 20
1719930234314 0.99251 21
1719930326623 0.98955 22
1719930419617 0.9889 23
1719930511897 0.99016 24
1719930604193 0.99096 25
1719930696513 0.98975 26
1719930788719 0.98966 27
1719930880480 0.98782 28
1719930966558 0.99144 29
1719931082809 0.99243 30
1719931213438 0.99253 31
1719931350885 0.991 32
1719931488387 0.9909 33
1719931611029 0.99064 34
1719931744675 0.98985 35
1719931850775 0.99022 36
1719931951939 0.99063 37
1719932053199 0.99173 38
1719932153307 0.99176 39
1719932287449 0.99135 40
1719932388214 0.99219 41
1719932489056 0.99275 42
1719932589760 0.99021 43
1719932689878 0.99066 44
1719932789866 0.9906 45
1719932888442 0.99052 46
1719933022981 0.9906 47
1719933158347 0.99052 48
1719933295704 0.99052 49
1719933302939 0.9917578754578751 49
