1719927597597 0.42912 0
1719927723802 0.49629 1
1719927827706 0.55411 2
1719927958607 0.70711 3
1719928094138 0.82328 4
1719928227608 0.85089 5
1719928363760 0.86809 6
1719928495943 0.84257 7
1719928631544 0.88917 8
1719928765710 0.92655 9
1719928902151 0.9386 10
1719929038826 0.92146 11
1719929176011 0.91525 12
1719929311590 0.93691 13
1719929447272 0.93016 14
1719929583904 0.95041 15
1719929719279 0.90672 16
1719929853147 0.94963 17
1719929948764 0.95662 18
1719930047112 0.93459 19
1719930142548 0.92806 20
1719930234314 0.945 21
1719930326623 0.96072 22
1719930419617 0.96837 23
1719930511897 0.94931 24
1719930604193 0.96258 25
1719930696513 0.96349 26
1719930788719 0.96304 27
1719930880480 0.96059 28
1719930966558 0.96369 29
1719931082809 0.96134 30
1719931213438 0.96284 31
1719931350885 0.95494 32
1719931488387 0.97063 33
1719931611029 0.96537 34
1719931744675 0.95677 35
1719931850775 0.959 36
1719931951939 0.96654 37
1719932053199 0.9666 38
1719932153307 0.97087 39
1719932287449 0.97315 40
1719932388214 0.97266 41
1719932489056 0.96832 42
1719932589760 0.96918 43
1719932689878 0.97227 44
1719932789866 0.97517 45
1719932888442 0.97518 46
1719933022981 0.97582 47
1719933158347 0.9768 48
1719933295704 0.9756 49
1719933302939 0.9708617248651845 49
