1719927597597 0.47375 0
1719927723802 0.81442 1
1719927827706 0.87018 2
1719927958607 0.85776 3
1719928094138 0.86739 4
1719928227608 0.94191 5
1719928363760 0.95034 6
1719928495943 0.95873 7
1719928631544 0.91957 8
1719928765710 0.97215 9
1719928902151 0.9591 10
1719929038826 0.97293 11
1719929176011 0.98074 12
1719929311590 0.97454 13
1719929447272 0.96468 14
1719929583904 0.96707 15
1719929719279 0.98687 16
1719929853147 0.97729 17
1719929948764 0.97079 18
1719930047112 0.99164 19
1719930142548 0.97274 20
1719930234314 0.9797 21
1719930326623 0.99235 22
1719930419617 0.96664 23
1719930511897 0.98506 24
1719930604193 0.98899 25
1719930696513 0.98097 26
1719930788719 0.98856 27
1719930880480 0.97657 28
1719930966558 0.98849 29
1719931082809 0.97601 30
1719931213438 0.97745 31
1719931350885 0.99279 32
1719931488387 0.98035 33
1719931611029 0.98203 34
1719931744675 0.99116 35
1719931850775 0.98921 36
1719931951939 0.98775 37
1719932053199 0.98606 38
1719932153307 0.99279 39
1719932287449 0.98615 40
1719932388214 0.98729 41
1719932489056 0.99132 42
1719932589760 0.99018 43
1719932689878 0.9921 44
1719932789866 0.99044 45
1719932888442 0.99082 46
1719933022981 0.98842 47
1719933158347 0.98831 48
1719933295704 0.98966 49
1719933302939 0.992722583694806 49
