1719927592341 0.78747 0
1719927719441 0.69467 1
1719927824525 0.67684 2
1719927954252 0.66065 3
1719928089993 0.61874 4
1719928223496 0.6253 5
1719928359626 0.60491 6
1719928492042 0.61087 7
1719928627542 0.5974 8
1719928761579 0.59148 9
1719928898246 0.57921 10
1719929034642 0.57288 11
1719929172071 0.55819 12
1719929307646 0.56625 13
1719929443376 0.56395 14
1719929579976 0.55695 15
1719929715432 0.54717 16
1719929849260 0.54087 17
1719929945478 0.53953 18
1719930043853 0.51793 19
1719930139625 0.52324 20
1719930231373 0.51332 21
1719930323636 0.51958 22
1719930415852 0.50809 23
1719930508631 0.50558 24
1719930600936 0.49993 25
1719930693431 0.49965 26
1719930785732 0.4949 27
1719930877512 0.49524 28
1719930963209 0.4884 29
1719931079564 0.48988 30
1719931209544 0.46941 31
1719931346841 0.47983 32
1719931484749 0.47827 33
1719931607098 0.45602 34
1719931740429 0.45455 35
1719931847127 0.45047 36
1719931948630 0.44268 37
1719932050058 0.44124 38
1719932149779 0.44149 39
1719932284136 0.33503 40
1719932384972 0.32976 41
1719932485789 0.32563 42
1719932586323 0.31406 43
1719932686664 0.31155 44
1719932786520 0.306 45
1719932885631 0.29552 46
1719933019015 0.29244 47
1719933154492 0.28688 48
1719933291692 0.28692 49
