1719927592341 3.33448 0
1719927719441 2.0975 1
1719927824525 1.64316 2
1719927954252 1.38353 3
1719928089993 1.12715 4
1719928223496 0.9882 5
1719928359626 0.85164 6
1719928492042 0.78012 7
1719928627542 0.71375 8
1719928761579 0.66735 9
1719928898246 0.64758 10
1719929034642 0.62378 11
1719929172071 0.57699 12
1719929307646 0.54897 13
1719929443376 0.52872 14
1719929579976 0.52773 15
1719929715432 0.50024 16
1719929849260 0.47291 17
1719929945478 0.47738 18
1719930043853 0.45862 19
1719930139625 0.4628 20
1719930231373 0.42999 21
1719930323636 0.43995 22
1719930415852 0.40351 23
1719930508631 0.41056 24
1719930600936 0.40809 25
1719930693431 0.38448 26
1719930785732 0.38928 27
1719930877512 0.37818 28
1719930963209 0.378 29
1719931079564 0.36585 30
1719931209544 0.34304 31
1719931346841 0.36194 32
1719931484749 0.35345 33
1719931607098 0.33772 34
1719931740429 0.33363 35
1719931847127 0.33543 36
1719931948630 0.31928 37
1719932050058 0.31628 38
1719932149779 0.31644 39
1719932284136 0.20276 40
1719932384972 0.20163 41
1719932485789 0.20001 42
1719932586323 0.19425 43
1719932686664 0.18957 44
1719932786520 0.18652 45
1719932885631 0.18181 46
1719933019015 0.17782 47
1719933154492 0.17459 48
1719933291692 0.17318 49
