1719927592341 1.24883 0
1719927719441 1.1615 1
1719927824525 1.1627 2
1719927954252 1.16063 3
1719928089993 1.14103 4
1719928223496 1.15173 5
1719928359626 1.13539 6
1719928492042 1.13393 7
1719928627542 1.13503 8
1719928761579 1.12795 9
1719928898246 1.11845 10
1719929034642 1.1208 11
1719929172071 1.10581 12
1719929307646 1.10859 13
1719929443376 1.10377 14
1719929579976 1.10002 15
1719929715432 1.09579 16
1719929849260 1.09524 17
1719929945478 1.09542 18
1719930043853 1.07525 19
1719930139625 1.07482 20
1719930231373 1.07358 21
1719930323636 1.07376 22
1719930415852 1.06799 23
1719930508631 1.06248 24
1719930600936 1.06462 25
1719930693431 1.05851 26
1719930785732 1.06442 27
1719930877512 1.06093 28
1719930963209 1.06281 29
1719931079564 1.05645 30
1719931209544 1.04275 31
1719931346841 1.05168 32
1719931484749 1.04377 33
1719931607098 1.03844 34
1719931740429 1.03308 35
1719931847127 1.02861 36
1719931948630 1.01597 37
1719932050058 1.02407 38
1719932149779 1.02315 39
1719932284136 0.95351 40
1719932384972 0.94913 41
1719932485789 0.93857 42
1719932586323 0.93733 43
1719932686664 0.93074 44
1719932786520 0.9292 45
1719932885631 0.9244 46
1719933019015 0.9225 47
1719933154492 0.90924 48
1719933291692 0.91291 49
